                                                 waferMap  dieSize   lotName  \
0       [[0, 0, 0, 0, 0, 0, 0, 0, 0, 0, 0, 0, 0, 0, 0,...   1683.0      lot1   
1       [[0, 0, 0, 0, 0, 0, 0, 0, 0, 0, 0, 0, 0, 0, 0,...   1683.0      lot1   
2       [[0, 0, 0, 0, 0, 0, 0, 0, 0, 0, 0, 0, 0, 0, 0,...   1683.0      lot1   
3       [[0, 0, 0, 0, 0, 0, 0, 0, 0, 0, 0, 0, 0, 0, 0,...   1683.0      lot1   
4       [[0, 0, 0, 0, 0, 0, 0, 0, 0, 0, 0, 0, 0, 0, 0,...   1683.0      lot1   
5       [[0, 0, 0, 0, 0, 0, 0, 0, 0, 0, 0, 0, 0, 0, 0,...   1683.0      lot1   
6       [[0, 0, 0, 0, 0, 0, 0, 0, 0, 0, 0, 0, 0, 0, 0,...   1683.0      lot1   
7       [[0, 0, 0, 0, 0, 0, 0, 0, 0, 0, 0, 0, 0, 0, 0,...   1683.0      lot1   
8       [[0, 0, 0, 0, 0, 0, 0, 0, 0, 0, 0, 0, 0, 0, 0,...   1683.0      lot1   
9       [[0, 0, 0, 0, 0, 0, 0, 0, 0, 0, 0, 0, 0, 0, 0,...   1683.0      lot1   
10      [[0, 0, 0, 0, 0, 0, 0, 0, 0, 0, 0, 0, 0, 0, 0,...   1683.0      lot1   
11      [[0, 0, 0, 0, 0, 0, 0, 0, 0, 0, 0, 0, 0, 0, 0,...   1683.0      lot1   
12      [[0, 0, 0, 0, 0, 0, 0, 0, 0, 0, 0, 0, 0, 0, 0,...   1683.0      lot1   
13      [[0, 0, 0, 0, 0, 0, 0, 0, 0, 0, 0, 0, 0, 0, 0,...   1683.0      lot1   
14      [[0, 0, 0, 0, 0, 0, 0, 0, 0, 0, 0, 0, 0, 0, 0,...   1683.0      lot1   
15      [[0, 0, 0, 0, 0, 0, 0, 0, 0, 0, 0, 0, 0, 0, 0,...   1683.0      lot1   
16      [[0, 0, 0, 0, 0, 0, 0, 0, 0, 0, 0, 0, 0, 0, 0,...   1683.0      lot1   
17      [[0, 0, 0, 0, 0, 0, 0, 0, 0, 0, 0, 0, 0, 0, 0,...   1683.0      lot1   
18      [[0, 0, 0, 0, 0, 0, 0, 0, 0, 0, 0, 0, 0, 0, 0,...   1683.0      lot1   
19      [[0, 0, 0, 0, 0, 0, 0, 0, 0, 0, 0, 0, 0, 0, 0,...   1683.0      lot1   
20      [[0, 0, 0, 0, 0, 0, 0, 0, 0, 0, 0, 0, 0, 0, 0,...   1683.0      lot1   
21      [[0, 0, 0, 0, 0, 0, 0, 0, 0, 0, 0, 0, 0, 0, 0,...   1683.0      lot1   
22      [[0, 0, 0, 0, 0, 0, 0, 0, 0, 0, 0, 0, 0, 0, 0,...   1683.0      lot1   
23      [[0, 0, 0, 0, 0, 0, 0, 0, 0, 0, 0, 0, 0, 0, 0,...   1683.0      lot1   
24      [[0, 0, 0, 0, 0, 0, 0, 0, 0, 0, 0, 0, 0, 0, 0,...   1683.0      lot1   
25      [[0, 0, 0, 0, 0, 0, 0, 0, 0, 0, 0, 0, 0, 0, 0,...   2460.0      lot2   
26      [[0, 0, 0, 0, 0, 0, 0, 0, 0, 0, 0, 0, 0, 0, 0,...   2460.0      lot2   
27      [[0, 0, 0, 0, 0, 0, 0, 0, 0, 0, 0, 0, 0, 0, 0,...   2460.0      lot2   
28      [[0, 0, 0, 0, 0, 0, 0, 0, 0, 0, 0, 0, 0, 0, 0,...   2460.0      lot2   
29      [[0, 0, 0, 0, 0, 0, 0, 0, 0, 0, 0, 0, 0, 0, 0,...   2460.0      lot2   
...                                                   ...      ...       ...   
811427  [[0, 0, 0, 0, 0, 0, 0, 0, 0, 0, 0, 1, 1, 1, 1,...    600.0  lot47541   
811428  [[0, 0, 0, 0, 0, 0, 0, 0, 0, 0, 0, 2, 2, 2, 2,...    600.0  lot47541   
811429  [[0, 0, 0, 0, 0, 0, 0, 0, 0, 0, 0, 2, 2, 1, 1,...    600.0  lot47541   
811430  [[0, 0, 0, 0, 0, 0, 0, 0, 0, 0, 0, 2, 2, 1, 2,...    600.0  lot47542   
811431  [[0, 0, 0, 0, 0, 0, 0, 0, 0, 0, 0, 1, 1, 1, 1,...    600.0  lot47542   
811432  [[0, 0, 0, 0, 0, 0, 0, 0, 0, 0, 0, 1, 1, 1, 1,...    600.0  lot47542   
811433  [[0, 0, 0, 0, 0, 0, 0, 0, 0, 0, 0, 1, 1, 1, 1,...    600.0  lot47542   
811434  [[0, 0, 0, 0, 0, 0, 0, 0, 0, 0, 0, 1, 1, 1, 1,...    600.0  lot47542   
811435  [[0, 0, 0, 0, 0, 0, 0, 0, 0, 0, 0, 1, 1, 1, 1,...    600.0  lot47542   
811436  [[0, 0, 0, 0, 0, 0, 0, 0, 0, 0, 0, 1, 2, 1, 2,...    600.0  lot47542   
811437  [[0, 0, 0, 0, 0, 0, 0, 0, 0, 0, 0, 1, 2, 1, 1,...    600.0  lot47542   
811438  [[0, 0, 0, 0, 0, 0, 0, 0, 0, 0, 0, 1, 2, 1, 1,...    600.0  lot47542   
811439  [[0, 0, 0, 0, 0, 0, 0, 0, 0, 0, 0, 1, 1, 1, 1,...    600.0  lot47542   
811440  [[0, 0, 0, 0, 0, 0, 0, 0, 0, 0, 0, 1, 2, 1, 1,...    600.0  lot47542   
811441  [[0, 0, 0, 0, 0, 0, 0, 0, 0, 0, 0, 1, 1, 1, 1,...    600.0  lot47542   
811442  [[0, 0, 0, 0, 0, 0, 0, 0, 0, 0, 0, 2, 1, 1, 1,...    600.0  lot47542   
811443  [[0, 0, 0, 0, 0, 0, 0, 0, 0, 0, 0, 2, 2, 1, 1,...    600.0  lot47542   
811444  [[0, 0, 0, 0, 0, 0, 0, 0, 0, 0, 0, 1, 2, 1, 1,...    600.0  lot47542   
811445  [[0, 0, 0, 0, 0, 0, 0, 0, 0, 0, 0, 1, 1, 1, 1,...    600.0  lot47542   
811446  [[0, 0, 0, 0, 0, 0, 0, 0, 0, 0, 0, 1, 2, 1, 2,...    600.0  lot47542   
811447  [[0, 0, 0, 0, 0, 0, 0, 0, 0, 0, 0, 1, 1, 1, 1,...    600.0  lot47542   
811448  [[0, 0, 0, 0, 0, 0, 0, 0, 0, 0, 0, 1, 1, 2, 1,...    600.0  lot47542   
811449  [[0, 0, 0, 0, 0, 0, 0, 0, 0, 0, 0, 1, 1, 1, 1,...    600.0  lot47542   
811450  [[0, 0, 0, 0, 0, 0, 0, 0, 0, 0, 0, 1, 2, 1, 2,...    600.0  lot47542   
811451  [[0, 0, 0, 0, 0, 0, 0, 0, 0, 0, 0, 1, 1, 1, 1,...    600.0  lot47542   
811452  [[0, 0, 0, 0, 0, 0, 0, 0, 0, 0, 0, 1, 2, 1, 1,...    600.0  lot47542   
811453  [[0, 0, 0, 0, 0, 0, 0, 0, 0, 0, 0, 2, 2, 1, 1,...    600.0  lot47542   
811454  [[0, 0, 0, 0, 0, 0, 0, 0, 0, 0, 0, 1, 2, 1, 1,...    600.0  lot47542   
811455  [[0, 0, 0, 0, 0, 0, 0, 0, 0, 0, 0, 1, 1, 1, 1,...    600.0  lot47543   
811456  [[0, 0, 0, 0, 0, 0, 0, 0, 0, 0, 0, 1, 2, 1, 1,...    600.0  lot47543   

        waferIndex trianTestLabel    failureType  
0              1.0   [[Training]]       [[none]]  
1              2.0   [[Training]]       [[none]]  
2              3.0   [[Training]]       [[none]]  
3              4.0   [[Training]]       [[none]]  
4              5.0   [[Training]]       [[none]]  
5              6.0   [[Training]]       [[none]]  
6              7.0   [[Training]]       [[none]]  
7              8.0   [[Training]]       [[none]]  
8              9.0   [[Training]]       [[none]]  
9             10.0   [[Training]]       [[none]]  
10            11.0   [[Training]]       [[none]]  
11            12.0   [[Training]]       [[none]]  
12            13.0   [[Training]]       [[none]]  
13            14.0   [[Training]]       [[none]]  
14            15.0   [[Training]]       [[none]]  
15            16.0   [[Training]]       [[none]]  
16            17.0   [[Training]]       [[none]]  
17            18.0   [[Training]]       [[none]]  
18            19.0   [[Training]]       [[none]]  
19            20.0   [[Training]]        [[Loc]]  
20            21.0   [[Training]]       [[none]]  
21            22.0   [[Training]]       [[none]]  
22            23.0   [[Training]]       [[none]]  
23            24.0   [[Training]]       [[none]]  
24            25.0   [[Training]]       [[none]]  
25             1.0   [[Training]]       [[none]]  
26             2.0   [[Training]]       [[none]]  
27             3.0   [[Training]]       [[none]]  
28             4.0   [[Training]]       [[none]]  
29             5.0   [[Training]]       [[none]]  
...            ...            ...            ...  
811427        23.0       [[Test]]    [[Scratch]]  
811428        24.0       [[Test]]   [[Edge-Loc]]  
811429        25.0       [[Test]]       [[none]]  
811430         1.0       [[Test]]       [[none]]  
811431         2.0       [[Test]]       [[none]]  
811432         3.0       [[Test]]  [[Edge-Ring]]  
811433         4.0       [[Test]]       [[none]]  
811434         5.0       [[Test]]       [[none]]  
811435         6.0       [[Test]]       [[none]]  
811436         7.0       [[Test]]       [[none]]  
811437         8.0       [[Test]]  [[Edge-Ring]]  
811438         9.0       [[Test]]       [[none]]  
811439        10.0       [[Test]]       [[none]]  
811440        11.0       [[Test]]     [[Center]]  
811441        12.0       [[Test]]  [[Edge-Ring]]  
811442        13.0       [[Test]]       [[none]]  
811443        14.0       [[Test]]   [[Edge-Loc]]  
811444        15.0       [[Test]]  [[Edge-Ring]]  
811445        16.0       [[Test]]       [[none]]  
811446        17.0       [[Test]]   [[Edge-Loc]]  
811447        18.0       [[Test]]   [[Edge-Loc]]  
811448        19.0       [[Test]]  [[Edge-Ring]]  
811449        20.0       [[Test]]       [[none]]  
811450        21.0       [[Test]]   [[Edge-Loc]]  
811451        22.0       [[Test]]   [[Edge-Loc]]  
811452        23.0       [[Test]]  [[Edge-Ring]]  
811453        24.0       [[Test]]   [[Edge-Loc]]  
811454        25.0       [[Test]]  [[Edge-Ring]]  
811455         1.0             []             []  
811456         2.0             []             []  

[811457 rows x 6 columns]
